# Freq(Hz) Mag(ohms) Phase(deg)
5.00000000000000e+01 -3.17054319940067e+00 -8.18284977046534e+01
5.09509509509510e+01 -3.33140178942292e+00 -8.19794339928686e+01
5.19019019019019e+01 -3.48938432250094e+00 -8.21249225689989e+01
5.28528528528529e+01 -3.64459012396879e+00 -8.22652517488509e+01
5.38038038038038e+01 -3.79711355131305e+00 -8.24006899494757e+01
5.47547547547548e+01 -3.94704431370633e+00 -8.25314873689768e+01
5.57057057057057e+01 -4.09446776681288e+00 -8.26578774997382e+01
5.66566566566567e+01 -4.23946518506855e+00 -8.27800784939445e+01
5.76076076076076e+01 -4.38211401341989e+00 -8.28982943978744e+01
5.85585585585586e+01 -4.52248810031139e+00 -8.30127162693847e+01
5.95095095095095e+01 -4.66065791353643e+00 -8.31235231912332e+01
6.04604604604605e+01 -4.79669074041111e+00 -8.32308831913482e+01
6.14114114114114e+01 -4.93065087359123e+00 -8.33349540798263e+01
6.23623623623624e+01 -5.06259978372748e+00 -8.34358842112887e+01
6.33133133133133e+01 -5.19259628004197e+00 -8.35338131802185e+01
6.42642642642643e+01 -5.32069665980921e+00 -8.36288724560318e+01
6.52152152152152e+01 -5.44695484763371e+00 -8.37211859638683e+01
6.61661661661662e+01 -5.57142252533606e+00 -8.38108706164219e+01
6.71171171171171e+01 -5.69414925318581e+00 -8.38980368015438e+01
6.80680680680681e+01 -5.81518258315399e+00 -8.39827888298387e+01
6.90190190190190e+01 -5.93456816479892e+00 -8.40652253460189e+01
6.99699699699700e+01 -6.05234984434513e+00 -8.41454397073876e+01
7.09209209209209e+01 -6.16856975746754e+00 -8.42235203324630e+01
7.18718718718719e+01 -6.28326841624845e+00 -8.42995510224529e+01
7.28228228228228e+01 -6.39648479073625e+00 -8.43736112580047e+01
7.37737737737738e+01 -6.50825638549844e+00 -8.44457764734177e+01
7.47247247247247e+01 -6.61861931152882e+00 -8.45161183102839e+01
7.56756756756757e+01 -6.72760835384001e+00 -8.45847048523316e+01
7.66266266266266e+01 -6.83525703504476e+00 -8.46516008430733e+01
7.75775775775776e+01 -6.94159767520551e+00 -8.47168678877053e+01
7.85285285285285e+01 -7.04666144820983e+00 -8.47805646405702e+01
7.94794794794795e+01 -7.15047843490818e+00 -8.48427469793698e+01
8.04304304304304e+01 -7.25307767323301e+00 -8.49034681672055e+01
8.13813813813814e+01 -7.35448720550067e+00 -8.49627790034254e+01
8.23323323323323e+01 -7.45473412308242e+00 -8.50207279641678e+01
8.32832832832833e+01 -7.55384460861687e+00 -8.50773613334113e+01
8.42342342342342e+01 -7.65184397592304e+00 -8.51327233252703e+01
8.51851851851852e+01 -7.74875670776166e+00 -8.51868561982087e+01
8.61361361361361e+01 -7.84460649158128e+00 -8.52398003617877e+01
8.70870870870871e+01 -7.93941625337599e+00 -8.52915944765090e+01
8.80380380380380e+01 -8.03320818977237e+00 -8.53422755472689e+01
8.89889889889890e+01 -8.12600379845475e+00 -8.53918790108940e+01
8.99399399399399e+01 -8.21782390703055e+00 -8.54404388181902e+01
9.08908908908909e+01 -8.30868870042977e+00 -8.54879875109018e+01
9.18418418418418e+01 -8.39861774692662e+00 -8.55345562939447e+01
9.27927927927928e+01 -8.48763002286516e+00 -8.55801751032481e+01
9.37437437437437e+01 -8.57574393616504e+00 -8.56248726695124e+01
9.46946946946947e+01 -8.66297734867843e+00 -8.56686765781678e+01
9.56456456456456e+01 -8.74934759746466e+00 -8.57116133257932e+01
9.65965965965966e+01 -8.83487151504415e+00 -8.57537083732380e+01
9.75475475475475e+01 -8.91956544868980e+00 -8.57949861956675e+01
9.84984984984985e+01 -9.00344527880985e+00 -8.58354703297396e+01
9.94494494494494e+01 -9.08652643647267e+00 -8.58751834180999e+01
1.00400400400400e+02 -9.16882392012102e+00 -8.59141472513739e+01
1.01351351351351e+02 -9.25035231151997e+00 -8.59523828078165e+01
1.02302302302302e+02 -9.33112579098024e+00 -8.59899102907712e+01
1.03253253253253e+02 -9.41115815189571e+00 -8.60267491640776e+01
1.04204204204204e+02 -9.49046281463181e+00 -8.60629181855583e+01
1.05155155155155e+02 -9.56905283979904e+00 -8.60984354387036e+01
1.06106106106106e+02 -9.64694094094387e+00 -8.61333183626681e+01
1.07057057057057e+02 -9.72413949668736e+00 -8.61675837806815e+01
1.08008008008008e+02 -9.80066056233975e+00 -8.62012479269715e+01
1.08958958958959e+02 -9.87651588101815e+00 -8.62343264722874e+01
1.09909909909910e+02 -9.95171689429226e+00 -8.62668345481107e+01
1.10860860860861e+02 -1.00262747523820e+01 -8.62987867696281e+01
1.11811811811812e+02 -1.01002003239291e+01 -8.63301972575425e+01
1.12762762762763e+02 -1.01735042053644e+01 -8.63610796587875e+01
1.13713713713714e+02 -1.02461967298900e+01 -8.63914471662116e+01
1.14664664664665e+02 -1.03182879760954e+01 -8.64213125372891e+01
1.15615615615616e+02 -1.03897877762253e+01 -8.64506881119148e+01
1.16566566566567e+02 -1.04607057241152e+01 -8.64795858293339e+01
1.17517517517518e+02 -1.05310511828122e+01 -8.65080172442551e+01
1.18468468468468e+02 -1.06008332918935e+01 -8.65359935421940e+01
1.19419419419419e+02 -1.06700609744992e+01 -8.65635255540873e+01
1.20370370370370e+02 -1.07387429440904e+01 -8.65906237702197e+01
1.21321321321321e+02 -1.08068877109473e+01 -8.66172983534997e+01
1.22272272272272e+02 -1.08745035884180e+01 -8.66435591521201e+01
1.23223223223223e+02 -1.09415986989295e+01 -8.66694157116357e+01
1.24174174174174e+02 -1.10081809797722e+01 -8.66948772864900e+01
1.25125125125125e+02 -1.10742581886672e+01 -8.67199528510191e+01
1.26076076076076e+02 -1.11398379091265e+01 -8.67446511099608e+01
1.27027027027027e+02 -1.12049275556161e+01 -8.67689805084944e+01
1.27977977977978e+02 -1.12695343785284e+01 -8.67929492418357e+01
1.28928928928929e+02 -1.13336654689751e+01 -8.68165652644096e+01
1.29879879879880e+02 -1.13973277634055e+01 -8.68398362986225e+01
1.30830830830831e+02 -1.14605280480601e+01 -8.68627698432533e+01
1.31781781781782e+02 -1.15232729632648e+01 -8.68853731814846e+01
1.32732732732733e+02 -1.15855690075740e+01 -8.69076533885889e+01
1.33683683683684e+02 -1.16474225417666e+01 -8.69296173392900e+01
1.34634634634635e+02 -1.17088397927043e+01 -8.69512717148132e+01
1.35585585585586e+02 -1.17698268570548e+01 -8.69726230096404e+01
1.36536536536537e+02 -1.18303897048875e+01 -8.69936775379849e+01
1.37487487487487e+02 -1.18905341831458e+01 -8.70144414399983e+01
1.38438438438438e+02 -1.19502660190023e+01 -8.70349206877232e+01
1.39389389389389e+02 -1.20095908230992e+01 -8.70551210908034e+01
1.40340340340340e+02 -1.20685140926821e+01 -8.70750483019630e+01
1.41291291291291e+02 -1.21270412146274e+01 -8.70947078222652e+01
1.42242242242242e+02 -1.21851774683713e+01 -8.71141050061615e+01
1.43193193193193e+02 -1.22429280287414e+01 -8.71332450663404e+01
1.44144144144144e+02 -1.23002979686961e+01 -8.71521330783850e+01
1.45095095095095e+02 -1.23572922619753e+01 -8.71707739852486e+01
1.46046046046046e+02 -1.24139157856656e+01 -8.71891726015558e+01
1.46996996996997e+02 -1.24701733226830e+01 -8.72073336177377e+01
1.47947947947948e+02 -1.25260695641770e+01 -8.72252616040085e+01
1.48898898898899e+02 -1.25816091118583e+01 -8.72429610141898e+01
1.49849849849850e+02 -1.26367964802534e+01 -8.72604361893902e+01
1.50800800800801e+02 -1.26916360988890e+01 -8.72776913615467e+01
1.51751751751752e+02 -1.27461323144077e+01 -8.72947306568330e+01
1.52702702702703e+02 -1.28002893926200e+01 -8.73115580989407e+01
1.53653653653654e+02 -1.28541115204916e+01 -8.73281776122398e+01
1.54604604604605e+02 -1.29076028080709e+01 -8.73445930248232e+01
1.55555555555556e+02 -1.29607672903584e+01 -8.73608080714386e+01
1.56506506506507e+02 -1.30136089291193e+01 -8.73768263963159e+01
1.57457457457457e+02 -1.30661316146416e+01 -8.73926515558908e+01
1.58408408408408e+02 -1.31183391674424e+01 -8.74082870214315e+01
1.59359359359359e+02 -1.31702353399235e+01 -8.74237361815720e+01
1.60310310310310e+02 -1.32218238179780e+01 -8.74390023447547e+01
1.61261261261261e+02 -1.32731082225501e+01 -8.74540887415878e+01
1.62212212212212e+02 -1.33240921111498e+01 -8.74689985271192e+01
1.63163163163163e+02 -1.33747789793230e+01 -8.74837347830320e+01
1.64114114114114e+02 -1.34251722620804e+01 -8.74983005197633e+01
1.65065065065065e+02 -1.34752753352844e+01 -8.75126986785507e+01
1.66016016016016e+02 -1.35250915169974e+01 -8.75269321334076e+01
1.66966966966967e+02 -1.35746240687918e+01 -8.75410036930326e+01
1.67917917917918e+02 -1.36238761970226e+01 -8.75549161026534e+01
1.68868868868869e+02 -1.36728510540653e+01 -8.75686720458083e+01
1.69819819819820e+02 -1.37215517395186e+01 -8.75822741460692e+01
1.70770770770771e+02 -1.37699813013744e+01 -8.75957249687063e+01
1.71721721721722e+02 -1.38181427371550e+01 -8.76090270222975e+01
1.72672672672673e+02 -1.38660389950202e+01 -8.76221827602859e+01
1.73623623623624e+02 -1.39136729748427e+01 -8.76351945824851e+01
1.74574574574575e+02 -1.39610475292562e+01 -8.76480648365360e+01
1.75525525525526e+02 -1.40081654646739e+01 -8.76607958193166e+01
1.76476476476476e+02 -1.40550295422803e+01 -8.76733897783056e+01
1.77427427427427e+02 -1.41016424789965e+01 -8.76858489129033e+01
1.78378378378378e+02 -1.41480069484201e+01 -8.76981753757095e+01
1.79329329329329e+02 -1.41941255817400e+01 -8.77103712737614e+01
1.80280280280280e+02 -1.42400009686272e+01 -8.77224386697319e+01
1.81231231231231e+02 -1.42856356581028e+01 -8.77343795830913e+01
1.82182182182182e+02 -1.43310321593832e+01 -8.77461959912314e+01
1.83133133133133e+02 -1.43761929427031e+01 -8.77578898305556e+01
1.84084084084084e+02 -1.44211204401181e+01 -8.77694629975351e+01
1.85035035035035e+02 -1.44658170462864e+01 -8.77809173497323e+01
1.85985985985986e+02 -1.45102851192303e+01 -8.77922547067936e+01
1.86936936936937e+02 -1.45545269810792e+01 -8.78034768514111e+01
1.87887887887888e+02 -1.45985449187932e+01 -8.78145855302558e+01
1.88838838838839e+02 -1.46423411848686e+01 -8.78255824548825e+01
1.89789789789790e+02 -1.46859179980269e+01 -8.78364693026074e+01
1.90740740740741e+02 -1.47292775438848e+01 -8.78472477173601e+01
1.91691691691692e+02 -1.47724219756094e+01 -8.78579193105093e+01
1.92642642642643e+02 -1.48153534145566e+01 -8.78684856616650e+01
1.93593593593594e+02 -1.48580739508935e+01 -8.78789483194568e+01
1.94544544544545e+02 -1.49005856442066e+01 -8.78893088022895e+01
1.95495495495496e+02 -1.49428905240944e+01 -8.78995685990763e+01
1.96446446446446e+02 -1.49849905907462e+01 -8.79097291699517e+01
1.97397397397397e+02 -1.50268878155069e+01 -8.79197919469624e+01
1.98348348348348e+02 -1.50685841414285e+01 -8.79297583347402e+01
1.99299299299299e+02 -1.51100814838080e+01 -8.79396297111539e+01
2.00250250250250e+02 -1.51513817307132e+01 -8.79494074279437e+01
2.01201201201201e+02 -1.51924867434956e+01 -8.79590928113377e+01
2.02152152152152e+02 -1.52333983572919e+01 -8.79686871626503e+01
2.03103103103103e+02 -1.52741183815128e+01 -8.79781917588648e+01
2.04054054054054e+02 -1.53146486003219e+01 -8.79876078531985e+01
2.05005005005005e+02 -1.53549907731021e+01 -8.79969366756539e+01
2.05955955955956e+02 -1.53951466349121e+01 -8.80061794335524e+01
2.06906906906907e+02 -1.54351178969325e+01 -8.80153373120556e+01
2.07857857857858e+02 -1.54749062469012e+01 -8.80244114746704e+01
2.08808808808809e+02 -1.55145133495393e+01 -8.80334030637418e+01
2.09759759759760e+02 -1.55539408469673e+01 -8.80423132009314e+01
2.10710710710711e+02 -1.55931903591120e+01 -8.80511429876831e+01
2.11661661661662e+02 -1.56322634841043e+01 -8.80598935056769e+01
2.12612612612613e+02 -1.56711617986681e+01 -8.80685658172696e+01
2.13563563563564e+02 -1.57098868585001e+01 -8.80771609659247e+01
2.14514514514515e+02 -1.57484401986425e+01 -8.80856799766300e+01
2.15465465465465e+02 -1.57868233338458e+01 -8.80941238563049e+01
2.16416416416416e+02 -1.58250377589252e+01 -8.81024935941965e+01
2.17367367367367e+02 -1.58630849491083e+01 -8.81107901622656e+01
2.18318318318318e+02 -1.59009663603754e+01 -8.81190145155626e+01
2.19269269269269e+02 -1.59386834297927e+01 -8.81271675925933e+01
2.20220220220220e+02 -1.59762375758383e+01 -8.81352503156757e+01
2.21171171171171e+02 -1.60136301987209e+01 -8.81432635912875e+01
2.22122122122122e+02 -1.60508626806919e+01 -8.81512083104045e+01
2.23073073073073e+02 -1.60879363863513e+01 -8.81590853488304e+01
2.24024024024024e+02 -1.61248526629460e+01 -8.81668955675184e+01
2.24974974974975e+02 -1.61616128406631e+01 -8.81746398128847e+01
2.25925925925926e+02 -1.61982182329164e+01 -8.81823189171136e+01
2.26876876876877e+02 -1.62346701366266e+01 -8.81899336984556e+01
2.27827827827828e+02 -1.62709698324966e+01 -8.81974849615176e+01
2.28778778778779e+02 -1.63071185852799e+01 -8.82049734975460e+01
2.29729729729730e+02 -1.63431176440450e+01 -8.82124000847029e+01
2.30680680680681e+02 -1.63789682424325e+01 -8.82197654883351e+01
2.31631631631632e+02 -1.64146715989086e+01 -8.82270704612372e+01
2.32582582582583e+02 -1.64502289170126e+01 -8.82343157439076e+01
2.33533533533534e+02 -1.64856413855993e+01 -8.82415020647982e+01
2.34484484484484e+02 -1.65209101790771e+01 -8.82486301405589e+01
2.35435435435435e+02 -1.65560364576404e+01 -8.82557006762751e+01
2.36386386386386e+02 -1.65910213674986e+01 -8.82627143657002e+01
2.37337337337337e+02 -1.66258660410990e+01 -8.82696718914821e+01
2.38288288288288e+02 -1.66605715973467e+01 -8.82765739253848e+01
2.39239239239239e+02 -1.66951391418193e+01 -8.82834211285041e+01
2.40190190190190e+02 -1.67295697669771e+01 -8.82902141514788e+01
2.41141141141141e+02 -1.67638645523706e+01 -8.82969536346960e+01
2.42092092092092e+02 -1.67980245648419e+01 -8.83036402084929e+01
2.43043043043043e+02 -1.68320508587241e+01 -8.83102744933528e+01
2.43993993993994e+02 -1.68659444760353e+01 -8.83168571000967e+01
2.44944944944945e+02 -1.68997064466701e+01 -8.83233886300709e+01
2.45895895895896e+02 -1.69333377885862e+01 -8.83298696753297e+01
2.46846846846847e+02 -1.69668395079886e+01 -8.83363008188145e+01
2.47797797797798e+02 -1.70002125995092e+01 -8.83426826345281e+01
2.48748748748749e+02 -1.70334580463839e+01 -8.83490156877052e+01
2.49699699699700e+02 -1.70665768206254e+01 -8.83553005349796e+01
2.50650650650651e+02 -1.70995698831939e+01 -8.83615377245471e+01
2.51601601601602e+02 -1.71324381841634e+01 -8.83677277963241e+01
2.52552552552553e+02 -1.71651826628854e+01 -8.83738712821042e+01
2.53503503503504e+02 -1.71978042481501e+01 -8.83799687057096e+01
2.54454454454454e+02 -1.72303038583432e+01 -8.83860205831403e+01
2.55405405405405e+02 -1.72626824016013e+01 -8.83920274227195e+01
2.56356356356356e+02 -1.72949407759633e+01 -8.83979897252355e+01
2.57307307307307e+02 -1.73270798695198e+01 -8.84039079840812e+01
2.58258258258258e+02 -1.73591005605591e+01 -8.84097826853897e+01
2.59209209209209e+02 -1.73910037177110e+01 -8.84156143081677e+01
2.60160160160160e+02 -1.74227902000878e+01 -8.84214033244251e+01
2.61111111111111e+02 -1.74544608574227e+01 -8.84271501993028e+01
2.62062062062062e+02 -1.74860165302057e+01 -8.84328553911966e+01
2.63013013013013e+02 -1.75174580498173e+01 -8.84385193518796e+01
2.63963963963964e+02 -1.75487862386592e+01 -8.84441425266209e+01
2.64914914914915e+02 -1.75800019102835e+01 -8.84497253543023e+01
2.65865865865866e+02 -1.76111058695188e+01 -8.84552682675326e+01
2.66816816816817e+02 -1.76420989125944e+01 -8.84607716927590e+01
2.67767767767768e+02 -1.76729818272627e+01 -8.84662360503765e+01
2.68718718718719e+02 -1.77037553929186e+01 -8.84716617548350e+01
2.69669669669670e+02 -1.77344203807172e+01 -8.84770492147438e+01
2.70620620620621e+02 -1.77649775536899e+01 -8.84823988329739e+01
2.71571571571572e+02 -1.77954276668576e+01 -8.84877110067592e+01
2.72522522522523e+02 -1.78257714673428e+01 -8.84929861277936e+01
2.73473473473473e+02 -1.78560096944787e+01 -8.84982245823282e+01
2.74424424424424e+02 -1.78861430799178e+01 -8.85034267512648e+01
2.75375375375375e+02 -1.79161723477371e+01 -8.85085930102487e+01
2.76326326326326e+02 -1.79460982145429e+01 -8.85137237297586e+01
2.77277277277277e+02 -1.79759213895728e+01 -8.85188192751955e+01
2.78228228228228e+02 -1.80056425747965e+01 -8.85238800069691e+01
2.79179179179179e+02 -1.80352624650145e+01 -8.85289062805826e+01
2.80130130130130e+02 -1.80647817479555e+01 -8.85338984467166e+01
2.81081081081081e+02 -1.80942011043721e+01 -8.85388568513097e+01
2.82032032032032e+02 -1.81235212081343e+01 -8.85437818356389e+01
2.82982982982983e+02 -1.81527427263226e+01 -8.85486737363976e+01
2.83933933933934e+02 -1.81818663193185e+01 -8.85535328857726e+01
2.84884884884885e+02 -1.82108926408935e+01 -8.85583596115188e+01
2.85835835835836e+02 -1.82398223382978e+01 -8.85631542370333e+01
2.86786786786787e+02 -1.82686560523459e+01 -8.85679170814271e+01
2.87737737737738e+02 -1.82973944175020e+01 -8.85726484595964e+01
2.88688688688689e+02 -1.83260380619635e+01 -8.85773486822914e+01
2.89639639639640e+02 -1.83545876077435e+01 -8.85820180561847e+01
2.90590590590591e+02 -1.83830436707509e+01 -8.85866568839377e+01
2.91541541541542e+02 -1.84114068608708e+01 -8.85912654642664e+01
2.92492492492492e+02 -1.84396777820425e+01 -8.85958440920046e+01
2.93443443443443e+02 -1.84678570323360e+01 -8.86003930581678e+01
2.94394394394394e+02 -1.84959452040287e+01 -8.86049126500139e+01
2.95345345345345e+02 -1.85239428836791e+01 -8.86094031511043e+01
2.96296296296296e+02 -1.85518506522005e+01 -8.86138648413629e+01
2.97247247247247e+02 -1.85796690849332e+01 -8.86182979971340e+01
2.98198198198198e+02 -1.86073987517154e+01 -8.86227028912397e+01
2.99149149149149e+02 -1.86350402169533e+01 -8.86270797930357e+01
3.00100100100100e+02 -1.86625940396896e+01 -8.86314289684663e+01
3.01051051051051e+02 -1.86900607736715e+01 -8.86357506801177e+01
3.02002002002002e+02 -1.87174409674170e+01 -8.86400451872716e+01
3.02952952952953e+02 -1.87447351642810e+01 -8.86443127459565e+01
3.03903903903904e+02 -1.87719439025193e+01 -8.86485536089985e+01
3.04854854854855e+02 -1.87990677153526e+01 -8.86527680260716e+01
3.05805805805806e+02 -1.88261071310289e+01 -8.86569562437465e+01
3.06756756756757e+02 -1.88530626728850e+01 -8.86611185055384e+01
3.07707707707708e+02 -1.88799348594074e+01 -8.86652550519545e+01
3.08658658658659e+02 -1.89067242042921e+01 -8.86693661205402e+01
3.09609609609610e+02 -1.89334312165028e+01 -8.86734519459245e+01
3.10560560560561e+02 -1.89600564003296e+01 -8.86775127598647e+01
3.11511511511512e+02 -1.89866002554456e+01 -8.86815487912900e+01
3.12462462462462e+02 -1.90130632769631e+01 -8.86855602663447e+01
3.13413413413413e+02 -1.90394459554889e+01 -8.86895474084305e+01
3.14364364364364e+02 -1.90657487771788e+01 -8.86935104382476e+01
3.15315315315315e+02 -1.90919722237914e+01 -8.86974495738357e+01
3.16266266266266e+02 -1.91181167727407e+01 -8.87013650306138e+01
3.17217217217217e+02 -1.91441828971485e+01 -8.87052570214196e+01
3.18168168168168e+02 -1.91701710658951e+01 -8.87091257565478e+01
3.19119119119119e+02 -1.91960817436705e+01 -8.87129714437884e+01
3.20070070070070e+02 -1.92219153910236e+01 -8.87167942884635e+01
3.21021021021021e+02 -1.92476724644119e+01 -8.87205944934637e+01
3.21971971971972e+02 -1.92733534162488e+01 -8.87243722592844e+01
3.22922922922923e+02 -1.92989586949523e+01 -8.87281277840608e+01
3.23873873873874e+02 -1.93244887449910e+01 -8.87318612636027e+01
3.24824824824825e+02 -1.93499440069311e+01 -8.87355728914281e+01
3.25775775775776e+02 -1.93753249174811e+01 -8.87392628587972e+01
3.26726726726727e+02 -1.94006319095376e+01 -8.87429313547447e+01
3.27677677677678e+02 -1.94258654122286e+01 -8.87465785661125e+01
3.28628628628629e+02 -1.94510258509579e+01 -8.87502046775809e+01
3.29579579579580e+02 -1.94761136474473e+01 -8.87538098717005e+01
3.30530530530531e+02 -1.95011292197798e+01 -8.87573943289219e+01
3.31481481481481e+02 -1.95260729824406e+01 -8.87609582276267e+01
3.32432432432432e+02 -1.95509453463586e+01 -8.87645017441565e+01
3.33383383383383e+02 -1.95757467189468e+01 -8.87680250528420e+01
3.34334334334334e+02 -1.96004775041424e+01 -8.87715283260318e+01
3.35285285285285e+02 -1.96251381024462e+01 -8.87750117341204e+01
3.36236236236236e+02 -1.96497289109613e+01 -8.87784754455758e+01
3.37187187187187e+02 -1.96742503234317e+01 -8.87819196269666e+01
3.38138138138138e+02 -1.96987027302798e+01 -8.87853444429889e+01
3.39089089089089e+02 -1.97230865186436e+01 -8.87887500564921e+01
3.40040040040040e+02 -1.97474020724138e+01 -8.87921366285053e+01
3.40990990990991e+02 -1.97716497722696e+01 -8.87955043182620e+01
3.41941941941942e+02 -1.97958299957146e+01 -8.87988532832257e+01
3.42892892892893e+02 -1.98199431171119e+01 -8.88021836791139e+01
3.43843843843844e+02 -1.98439895077190e+01 -8.88054956599227e+01
3.44794794794795e+02 -1.98679695357221e+01 -8.88087893779499e+01
3.45745745745746e+02 -1.98918835662693e+01 -8.88120649838191e+01
3.46696696696697e+02 -1.99157319615047e+01 -8.88153226265021e+01
3.47647647647648e+02 -1.99395150806007e+01 -8.88185624533415e+01
3.48598598598599e+02 -1.99632332797907e+01 -8.88217846100731e+01
3.49549549549550e+02 -1.99868869124010e+01 -8.88249892408480e+01
3.50500500500500e+02 -2.00104763288820e+01 -8.88281764882532e+01
3.51451451451451e+02 -2.00340018768400e+01 -8.88313464933339e+01
3.52402402402402e+02 -2.00574639010673e+01 -8.88344993956132e+01
3.53353353353353e+02 -2.00808627435727e+01 -8.88376353331134e+01
3.54304304304304e+02 -2.01041987436114e+01 -8.88407544423756e+01
3.55255255255255e+02 -2.01274722377143e+01 -8.88438568584798e+01
3.56206206206206e+02 -2.01506835597174e+01 -8.88469427150643e+01
3.57157157157157e+02 -2.01738330407901e+01 -8.88500121443448e+01
3.58108108108108e+02 -2.01969210094637e+01 -8.88530652771336e+01
3.59059059059059e+02 -2.02199477916595e+01 -8.88561022428575e+01
3.60010010010010e+02 -2.02429137107160e+01 -8.88591231695770e+01
3.60960960960961e+02 -2.02658190874166e+01 -8.88621281840034e+01
3.61911911911912e+02 -2.02886642400158e+01 -8.88651174115171e+01
3.62862862862863e+02 -2.03114494842664e+01 -8.88680909761848e+01
3.63813813813814e+02 -2.03341751334450e+01 -8.88710490007768e+01
3.64764764764765e+02 -2.03568414983783e+01 -8.88739916067837e+01
3.65715715715716e+02 -2.03794488874682e+01 -8.88769189144331e+01
3.66666666666667e+02 -2.04019976067175e+01 -8.88798310427060e+01
3.67617617617618e+02 -2.04244879597540e+01 -8.88827281093530e+01
3.68568568568569e+02 -2.04469202478554e+01 -8.88856102309099e+01
3.69519519519520e+02 -2.04692947699736e+01 -8.88884775227136e+01
3.70470470470470e+02 -2.04916118227582e+01 -8.88913300989174e+01
3.71421421421421e+02 -2.05138717005804e+01 -8.88941680725059e+01
3.72372372372372e+02 -2.05360746955562e+01 -8.88969915553104e+01
3.73323323323323e+02 -2.05582210975692e+01 -8.88998006580231e+01
3.74274274274274e+02 -2.05803111942934e+01 -8.89025954902119e+01
3.75225225225225e+02 -2.06023452712156e+01 -8.89053761603343e+01
3.76176176176176e+02 -2.06243236116576e+01 -8.89081427757519e+01
3.77127127127127e+02 -2.06462464967977e+01 -8.89108954427437e+01
3.78078078078078e+02 -2.06681142056927e+01 -8.89136342665201e+01
3.79029029029029e+02 -2.06899270152989e+01 -8.89163593512361e+01
3.79979979979980e+02 -2.07116852004932e+01 -8.89190708000044e+01
3.80930930930931e+02 -2.07333890340938e+01 -8.89217687149088e+01
3.81881881881882e+02 -2.07550387868808e+01 -8.89244531970166e+01
3.82832832832833e+02 -2.07766347276164e+01 -8.89271243463914e+01
3.83783783783784e+02 -2.07981771230648e+01 -8.89297822621055e+01
3.84734734734735e+02 -2.08196662380122e+01 -8.89324270422520e+01
3.85685685685686e+02 -2.08411023352860e+01 -8.89350587839572e+01
3.86636636636637e+02 -2.08624856757743e+01 -8.89376775833923e+01
3.87587587587588e+02 -2.08838165184447e+01 -8.89402835357848e+01
3.88538538538539e+02 -2.09050951203634e+01 -8.89428767354308e+01
3.89489489489489e+02 -2.09263217367135e+01 -8.89454572757055e+01
3.90440440440440e+02 -2.09474966208134e+01 -8.89480252490749e+01
3.91391391391391e+02 -2.09686200241351e+01 -8.89505807471070e+01
3.92342342342342e+02 -2.09896921963218e+01 -8.89531238604821e+01
3.93293293293293e+02 -2.10107133852059e+01 -8.89556546790040e+01
3.94244244244244e+02 -2.10316838368261e+01 -8.89581732916105e+01
3.95195195195195e+02 -2.10526037954450e+01 -8.89606797863836e+01
3.96146146146146e+02 -2.10734735035660e+01 -8.89631742505600e+01
3.97097097097097e+02 -2.10942932019502e+01 -8.89656567705410e+01
3.98048048048048e+02 -2.11150631296329e+01 -8.89681274319026e+01
3.98998998998999e+02 -2.11357835239402e+01 -8.89705863194055e+01
3.99949949949950e+02 -2.11564546205052e+01 -8.89730335170045e+01
4.00900900900901e+02 -2.11770766532842e+01 -8.89754691078580e+01
4.01851851851852e+02 -2.11976498545723e+01 -8.89778931743379e+01
4.02802802802803e+02 -2.12181744550193e+01 -8.89803057980382e+01
4.03753753753754e+02 -2.12386506836450e+01 -8.89827070597848e+01
4.04704704704705e+02 -2.12590787678547e+01 -8.89850970396442e+01
4.05655655655656e+02 -2.12794589334544e+01 -8.89874758169323e+01
4.06606606606607e+02 -2.12997914046656e+01 -8.89898434702233e+01
4.07557557557558e+02 -2.13200764041399e+01 -8.89922000773585e+01
4.08508508508508e+02 -2.13403141529740e+01 -8.89945457154546e+01
4.09459459459459e+02 -2.13605048707241e+01 -8.89968804609122e+01
4.10410410410410e+02 -2.13806487754199e+01 -8.89992043894241e+01
4.11361361361361e+02 -2.14007460835788e+01 -8.90015175759833e+01
4.12312312312312e+02 -2.14207970102201e+01 -8.90038200948915e+01
4.13263263263263e+02 -2.14408017688785e+01 -8.90061120197665e+01
4.14214214214214e+02 -2.14607605716179e+01 -8.90083934235506e+01
4.15165165165165e+02 -2.14806736290446e+01 -8.90106643785179e+01
4.16116116116116e+02 -2.15005411503212e+01 -8.90129249562819e+01
4.17067067067067e+02 -2.15203633431790e+01 -8.90151752278037e+01
4.18018018018018e+02 -2.15401404139318e+01 -8.90174152633984e+01
4.18968968968969e+02 -2.15598725674881e+01 -8.90196451327432e+01
4.19919919919920e+02 -2.15795600073641e+01 -8.90218649048846e+01
4.20870870870871e+02 -2.15992029356966e+01 -8.90240746482449e+01
4.21821821821822e+02 -2.16188015532549e+01 -8.90262744306299e+01
4.22772772772773e+02 -2.16383560594533e+01 -8.90284643192353e+01
4.23723723723724e+02 -2.16578666523635e+01 -8.90306443806542e+01
4.24674674674675e+02 -2.16773335287262e+01 -8.90328146808831e+01
4.25625625625626e+02 -2.16967568839634e+01 -8.90349752853291e+01
4.26576576576577e+02 -2.17161369121898e+01 -8.90371262588162e+01
4.27527527527528e+02 -2.17354738062248e+01 -8.90392676655919e+01
4.28478478478478e+02 -2.17547677576037e+01 -8.90413995693335e+01
4.29429429429429e+02 -2.17740189565892e+01 -8.90435220331546e+01
4.30380380380380e+02 -2.17932275921825e+01 -8.90456351196109e+01
4.31331331331331e+02 -2.18123938521347e+01 -8.90477388907071e+01
4.32282282282282e+02 -2.18315179229577e+01 -8.90498334079020e+01
4.33233233233233e+02 -2.18505999899348e+01 -8.90519187321153e+01
4.34184184184184e+02 -2.18696402371319e+01 -8.90539949237332e+01
4.35135135135135e+02 -2.18886388474078e+01 -8.90560620426139e+01
4.36086086086086e+02 -2.19075960024249e+01 -8.90581201480941e+01
4.37037037037037e+02 -2.19265118826596e+01 -8.90601692989939e+01
4.37987987987988e+02 -2.19453866674125e+01 -8.90622095536228e+01
4.38938938938939e+02 -2.19642205348187e+01 -8.90642409697854e+01
4.39889889889890e+02 -2.19830136618579e+01 -8.90662636047864e+01
4.40840840840841e+02 -2.20017662243641e+01 -8.90682775154363e+01
4.41791791791792e+02 -2.20204783970359e+01 -8.90702827580565e+01
4.42742742742743e+02 -2.20391503534460e+01 -8.90722793884850e+01
4.43693693693694e+02 -2.20577822660507e+01 -8.90742674620809e+01
4.44644644644645e+02 -2.20763743061997e+01 -8.90762470337301e+01
4.45595595595596e+02 -2.20949266441455e+01 -8.90782181578501e+01
4.46546546546547e+02 -2.21134394490528e+01 -8.90801808883950e+01
4.47497497497497e+02 -2.21319128890076e+01 -8.90821352788604e+01
4.48448448448448e+02 -2.21503471310262e+01 -8.90840813822883e+01
4.49399399399399e+02 -2.21687423410647e+01 -8.90860192512719e+01
4.50350350350350e+02 -2.21870986840278e+01 -8.90879489379605e+01
4.51301301301301e+02 -2.22054163237774e+01 -8.90898704940637e+01
4.52252252252252e+02 -2.22236954231415e+01 -8.90917839708565e+01
4.53203203203203e+02 -2.22419361439231e+01 -8.90936894191837e+01
4.54154154154154e+02 -2.22601386469086e+01 -8.90955868894643e+01
4.55105105105105e+02 -2.22783030918761e+01 -8.90974764316961e+01
4.56056056056056e+02 -2.22964296376043e+01 -8.90993580954600e+01
4.57007007007007e+02 -2.23145184418804e+01 -8.91012319299243e+01
4.57957957957958e+02 -2.23325696615084e+01 -8.91030979838492e+01
4.58908908908909e+02 -2.23505834523174e+01 -8.91049563055907e+01
4.59859859859860e+02 -2.23685599691697e+01 -8.91068069431050e+01
4.60810810810811e+02 -2.23864993659685e+01 -8.91086499439526e+01
4.61761761761762e+02 -2.24044017956660e+01 -8.91104853553022e+01
4.62712712712713e+02 -2.24222674102713e+01 -8.91123132239351e+01
4.63663663663664e+02 -2.24400963608578e+01 -8.91141335962488e+01
4.64614614614615e+02 -2.24578887975713e+01 -8.91159465182611e+01
4.65565565565566e+02 -2.24756448696372e+01 -8.91177520356139e+01
4.66516516516517e+02 -2.24933647253684e+01 -8.91195501935770e+01
4.67467467467467e+02 -2.25110485121721e+01 -8.91213410370520e+01
4.68418418418418e+02 -2.25286963765580e+01 -8.91231246105763e+01
4.69369369369369e+02 -2.25463084641448e+01 -8.91249009583259e+01
4.70320320320320e+02 -2.25638849196678e+01 -8.91266701241201e+01
4.71271271271271e+02 -2.25814258869860e+01 -8.91284321514243e+01
4.72222222222222e+02 -2.25989315090892e+01 -8.91301870833543e+01
4.73173173173173e+02 -2.26164019281046e+01 -8.91319349626789e+01
4.74124124124124e+02 -2.26338372853043e+01 -8.91336758318242e+01
4.75075075075075e+02 -2.26512377211119e+01 -8.91354097328767e+01
4.76026026026026e+02 -2.26686033751090e+01 -8.91371367075865e+01
4.76976976976977e+02 -2.26859343860423e+01 -8.91388567973710e+01
4.77927927927928e+02 -2.27032308918302e+01 -8.91405700433181e+01
4.78878878878879e+02 -2.27204930295691e+01 -8.91422764861894e+01
4.79829829829830e+02 -2.27377209355403e+01 -8.91439761664232e+01
4.80780780780781e+02 -2.27549147452162e+01 -8.91456691241385e+01
4.81731731731732e+02 -2.27720745932666e+01 -8.91473553991370e+01
4.82682682682683e+02 -2.27892006135653e+01 -8.91490350309073e+01
4.83633633633634e+02 -2.28062929391962e+01 -8.91507080586273e+01
4.84584584584585e+02 -2.28233517024595e+01 -8.91523745211675e+01
4.85535535535536e+02 -2.28403770348780e+01 -8.91540344570939e+01
4.86486486486487e+02 -2.28573690672028e+01 -8.91556879046711e+01
4.87437437437437e+02 -2.28743279294198e+01 -8.91573349018652e+01
4.88388388388388e+02 -2.28912537507554e+01 -8.91589754863467e+01
4.89339339339339e+02 -2.29081466596822e+01 -8.91606096954933e+01
4.90290290290290e+02 -2.29250067839255e+01 -8.91622375663927e+01
4.91241241241241e+02 -2.29418342504682e+01 -8.91638591358458e+01
4.92192192192192e+02 -2.29586291855573e+01 -8.91654744403689e+01
4.93143143143143e+02 -2.29753917147093e+01 -8.91670835161969e+01
4.94094094094094e+02 -2.29921219627157e+01 -8.91686863992855e+01
4.95045045045045e+02 -2.30088200536487e+01 -8.91702831253147e+01
4.95995995995996e+02 -2.30254861108666e+01 -8.91718737296904e+01
4.96946946946947e+02 -2.30421202570196e+01 -8.91734582475481e+01
4.97897897897898e+02 -2.30587226140548e+01 -8.91750367137545e+01
4.98848848848849e+02 -2.30752933032217e+01 -8.91766091629107e+01
4.99799799799800e+02 -2.30918324450777e+01 -8.91781756293546e+01
5.00750750750751e+02 -2.31083401594929e+01 -8.91797361471633e+01
5.01701701701702e+02 -2.31248165656561e+01 -8.91812907501555e+01
5.02652652652653e+02 -2.31412617820789e+01 -8.91828394718940e+01
5.03603603603604e+02 -2.31576759266019e+01 -8.91843823456885e+01
5.04554554554555e+02 -2.31740591163989e+01 -8.91859194045972e+01
5.05505505505505e+02 -2.31904114679823e+01 -8.91874506814300e+01
5.06456456456456e+02 -2.32067330972081e+01 -8.91889762087502e+01
5.07407407407407e+02 -2.32230241192808e+01 -8.91904960188771e+01
5.08358358358358e+02 -2.32392846487581e+01 -8.91920101438883e+01
5.09309309309309e+02 -2.32555147995560e+01 -8.91935186156219e+01
5.10260260260260e+02 -2.32717146849532e+01 -8.91950214656785e+01
5.11211211211211e+02 -2.32878844175963e+01 -8.91965187254240e+01
5.12162162162162e+02 -2.33040241095042e+01 -8.91980104259910e+01
5.13113113113113e+02 -2.33201338720729e+01 -8.91994965982817e+01
5.14064064064064e+02 -2.33362138160799e+01 -8.92009772729696e+01
5.15015015015015e+02 -2.33522640516889e+01 -8.92024524805015e+01
5.15965965965966e+02 -2.33682846884545e+01 -8.92039222511002e+01
5.16916916916917e+02 -2.33842758353265e+01 -8.92053866147658e+01
5.17867867867868e+02 -2.34002376006541e+01 -8.92068456012783e+01
5.18818818818819e+02 -2.34161700921909e+01 -8.92082992401993e+01
5.19769769769770e+02 -2.34320734170986e+01 -8.92097475608741e+01
5.20720720720721e+02 -2.34479476819520e+01 -8.92111905924339e+01
5.21671671671672e+02 -2.34637929927426e+01 -8.92126283637974e+01
5.22622622622623e+02 -2.34796094548833e+01 -8.92140609036727e+01
5.23573573573574e+02 -2.34953971732125e+01 -8.92154882405597e+01
5.24524524524525e+02 -2.35111562519982e+01 -8.92169104027515e+01
5.25475475475475e+02 -2.35268867949423e+01 -8.92183274183365e+01
5.26426426426426e+02 -2.35425889051843e+01 -8.92197393152001e+01
5.27377377377377e+02 -2.35582626853058e+01 -8.92211461210267e+01
5.28328328328328e+02 -2.35739082373344e+01 -8.92225478633015e+01
5.29279279279279e+02 -2.35895256627474e+01 -8.92239445693120e+01
5.30230230230230e+02 -2.36051150624761e+01 -8.92253362661501e+01
5.31181181181181e+02 -2.36206765369097e+01 -8.92267229807139e+01
5.32132132132132e+02 -2.36362101858987e+01 -8.92281047397091e+01
5.33083083083083e+02 -2.36517161087595e+01 -8.92294815696508e+01
5.34034034034034e+02 -2.36671944042774e+01 -8.92308534968655e+01
5.34984984984985e+02 -2.36826451707112e+01 -8.92322205474925e+01
5.35935935935936e+02 -2.36980685057962e+01 -8.92335827474855e+01
5.36886886886887e+02 -2.37134645067483e+01 -8.92349401226145e+01
5.37837837837838e+02 -2.37288332702676e+01 -8.92362926984673e+01
5.38788788788789e+02 -2.37441748925422e+01 -8.92376405004508e+01
5.39739739739740e+02 -2.37594894692513e+01 -8.92389835537934e+01
5.40690690690691e+02 -2.37747770955695e+01 -8.92403218835455e+01
5.41641641641642e+02 -2.37900378661698e+01 -8.92416555145821e+01
5.42592592592593e+02 -2.38052718752272e+01 -8.92429844716036e+01
5.43543543543544e+02 -2.38204792164224e+01 -8.92443087791375e+01
5.44494494494495e+02 -2.38356599829452e+01 -8.92456284615403e+01
5.45445445445445e+02 -2.38508142674976e+01 -8.92469435429984e+01
5.46396396396396e+02 -2.38659421622977e+01 -8.92482540475300e+01
5.47347347347347e+02 -2.38810437590828e+01 -8.92495599989864e+01
5.48298298298298e+02 -2.38961191491125e+01 -8.92508614210534e+01
5.49249249249249e+02 -2.39111684231724e+01 -8.92521583372529e+01
5.50200200200200e+02 -2.39261916715774e+01 -8.92534507709442e+01
5.51151151151151e+02 -2.39411889841747e+01 -8.92547387453253e+01
5.52102102102102e+02 -2.39561604503468e+01 -8.92560222834346e+01
5.53053053053053e+02 -2.39711061590153e+01 -8.92573014081520e+01
5.54004004004004e+02 -2.39860261986439e+01 -8.92585761422003e+01
5.54954954954955e+02 -2.40009206572411e+01 -8.92598465081465e+01
5.55905905905906e+02 -2.40157896223637e+01 -8.92611125284035e+01
5.56856856856857e+02 -2.40306331811199e+01 -8.92623742252309e+01
5.57807807807808e+02 -2.40454514201723e+01 -8.92636316207366e+01
5.58758758758759e+02 -2.40602444257406e+01 -8.92648847368781e+01
5.59709709709710e+02 -2.40750122836054e+01 -8.92661335954635e+01
5.60660660660661e+02 -2.40897550791102e+01 -8.92673782181533e+01
5.61611611611612e+02 -2.41044728971652e+01 -8.92686186264610e+01
5.62562562562563e+02 -2.41191658222497e+01 -8.92698548417549e+01
5.63513513513514e+02 -2.41338339384153e+01 -8.92710868852589e+01
5.64464464464464e+02 -2.41484773292886e+01 -8.92723147780542e+01
5.65415415415415e+02 -2.41630960780741e+01 -8.92735385410798e+01
5.66366366366366e+02 -2.41776902675571e+01 -8.92747581951345e+01
5.67317317317317e+02 -2.41922599801066e+01 -8.92759737608773e+01
5.68268268268268e+02 -2.42068052976779e+01 -8.92771852588294e+01
5.69219219219219e+02 -2.42213263018153e+01 -8.92783927093744e+01
5.70170170170170e+02 -2.42358230736551e+01 -8.92795961327602e+01
5.71121121121121e+02 -2.42502956939282e+01 -8.92807955491000e+01
5.72072072072072e+02 -2.42647442429627e+01 -8.92819909783731e+01
5.73023023023023e+02 -2.42791688006867e+01 -8.92831824404261e+01
5.73973973973974e+02 -2.42935694466310e+01 -8.92843699549743e+01
5.74924924924925e+02 -2.43079462599316e+01 -8.92855535416026e+01
5.75875875875876e+02 -2.43222993193323e+01 -8.92867332197665e+01
5.76826826826827e+02 -2.43366287031873e+01 -8.92879090087932e+01
5.77777777777778e+02 -2.43509344894639e+01 -8.92890809278826e+01
5.78728728728729e+02 -2.43652167557449e+01 -8.92902489961086e+01
5.79679679679680e+02 -2.43794755792312e+01 -8.92914132324200e+01
5.80630630630631e+02 -2.43937110367442e+01 -8.92925736556413e+01
5.81581581581582e+02 -2.44079232047285e+01 -8.92937302844740e+01
5.82532532532533e+02 -2.44221121592540e+01 -8.92948831374975e+01
5.83483483483483e+02 -2.44362779760188e+01 -8.92960322331701e+01
5.84434434434434e+02 -2.44504207303512e+01 -8.92971775898300e+01
5.85385385385385e+02 -2.44645404972123e+01 -8.92983192256963e+01
5.86336336336336e+02 -2.44786373511985e+01 -8.92994571588698e+01
5.87287287287287e+02 -2.44927113665435e+01 -8.93005914073343e+01
5.88238238238238e+02 -2.45067626171211e+01 -8.93017219889571e+01
5.89189189189189e+02 -2.45207911764472e+01 -8.93028489214902e+01
5.90140140140140e+02 -2.45347971176822e+01 -8.93039722225714e+01
5.91091091091091e+02 -2.45487805136333e+01 -8.93050919097249e+01
5.92042042042042e+02 -2.45627414367567e+01 -8.93062080003622e+01
5.92992992992993e+02 -2.45766799591599e+01 -8.93073205117834e+01
5.93943943943944e+02 -2.45905961526043e+01 -8.93084294611776e+01
5.94894894894895e+02 -2.46044900885065e+01 -8.93095348656241e+01
5.95845845845846e+02 -2.46183618379414e+01 -8.93106367420931e+01
5.96796796796797e+02 -2.46322114716441e+01 -8.93117351074469e+01
5.97747747747748e+02 -2.46460390600118e+01 -8.93128299784403e+01
5.98698698698699e+02 -2.46598446731062e+01 -8.93139213717218e+01
5.99649649649650e+02 -2.46736283806557e+01 -8.93150093038340e+01
6.00600600600601e+02 -2.46873902520573e+01 -8.93160937912152e+01
6.01551551551552e+02 -2.47011303563787e+01 -8.93171748501995e+01
6.02502502502502e+02 -2.47148487623606e+01 -8.93182524970180e+01
6.03453453453453e+02 -2.47285455384186e+01 -8.93193267477994e+01
6.04404404404404e+02 -2.47422207526452e+01 -8.93203976185710e+01
6.05355355355355e+02 -2.47558744728121e+01 -8.93214651252594e+01
6.06306306306306e+02 -2.47695067663717e+01 -8.93225292836913e+01
6.07257257257257e+02 -2.47831177004596e+01 -8.93235901095942e+01
6.08208208208208e+02 -2.47967073418966e+01 -8.93246476185975e+01
6.09159159159159e+02 -2.48102757571900e+01 -8.93257018262327e+01
6.10110110110110e+02 -2.48238230125365e+01 -8.93267527479346e+01
6.11061061061061e+02 -2.48373491738233e+01 -8.93278003990421e+01
6.12012012012012e+02 -2.48508543066305e+01 -8.93288447947986e+01
6.12962962962963e+02 -2.48643384762330e+01 -8.93298859503530e+01
6.13913913913914e+02 -2.48778017476021e+01 -8.93309238807603e+01
6.14864864864865e+02 -2.48912441854076e+01 -8.93319586009824e+01
6.15815815815816e+02 -2.49046658540197e+01 -8.93329901258888e+01
6.16766766766767e+02 -2.49180668175106e+01 -8.93340184702573e+01
6.17717717717718e+02 -2.49314471396567e+01 -8.93350436487749e+01
6.18668668668669e+02 -2.49448068839401e+01 -8.93360656760380e+01
6.19619619619620e+02 -2.49581461135505e+01 -8.93370845665535e+01
6.20570570570571e+02 -2.49714648913872e+01 -8.93381003347397e+01
6.21521521521522e+02 -2.49847632800604e+01 -8.93391129949262e+01
6.22472472472472e+02 -2.49980413418936e+01 -8.93401225613553e+01
6.23423423423423e+02 -2.50112991389246e+01 -8.93411290481826e+01
6.24374374374374e+02 -2.50245367329082e+01 -8.93421324694771e+01
6.25325325325325e+02 -2.50377541853168e+01 -8.93431328392224e+01
6.26276276276276e+02 -2.50509515573431e+01 -8.93441301713173e+01
6.27227227227227e+02 -2.50641289099012e+01 -8.93451244795761e+01
6.28178178178178e+02 -2.50772863036285e+01 -8.93461157777296e+01
6.29129129129129e+02 -2.50904237988875e+01 -8.93471040794257e+01
6.30080080080080e+02 -2.51035414557670e+01 -8.93480893982296e+01
6.31031031031031e+02 -2.51166393340844e+01 -8.93490717476251e+01
6.31981981981982e+02 -2.51297174933867e+01 -8.93500511410147e+01
6.32932932932933e+02 -2.51427759929526e+01 -8.93510275917202e+01
6.33883883883884e+02 -2.51558148917939e+01 -8.93520011129838e+01
6.34834834834835e+02 -2.51688342486572e+01 -8.93529717179682e+01
6.35785785785786e+02 -2.51818341220251e+01 -8.93539394197573e+01
6.36736736736737e+02 -2.51948145701184e+01 -8.93549042313569e+01
6.37687687687688e+02 -2.52077756508973e+01 -8.93558661656953e+01
6.38638638638639e+02 -2.52207174220629e+01 -8.93568252356238e+01
6.39589589589590e+02 -2.52336399410590e+01 -8.93577814539172e+01
6.40540540540541e+02 -2.52465432650734e+01 -8.93587348332746e+01
6.41491491491492e+02 -2.52594274510394e+01 -8.93596853863195e+01
6.42442442442442e+02 -2.52722925556376e+01 -8.93606331256010e+01
6.43393393393393e+02 -2.52851386352969e+01 -8.93615780635939e+01
6.44344344344344e+02 -2.52979657461967e+01 -8.93625202126994e+01
6.45295295295295e+02 -2.53107739442675e+01 -8.93634595852456e+01
6.46246246246246e+02 -2.53235632851932e+01 -8.93643961934878e+01
6.47197197197197e+02 -2.53363338244120e+01 -8.93653300496098e+01
6.48148148148148e+02 -2.53490856171179e+01 -8.93662611657235e+01
6.49099099099099e+02 -2.53618187182624e+01 -8.93671895538700e+01
6.50050050050050e+02 -2.53745331825557e+01 -8.93681152260198e+01
6.51001001001001e+02 -2.53872290644683e+01 -8.93690381940736e+01
6.51951951951952e+02 -2.53999064182320e+01 -8.93699584698627e+01
6.52902902902903e+02 -2.54125652978419e+01 -8.93708760651494e+01
6.53853853853854e+02 -2.54252057570570e+01 -8.93717909916277e+01
6.54804804804805e+02 -2.54378278494025e+01 -8.93727032609235e+01
6.55755755755756e+02 -2.54504316281704e+01 -8.93736128845953e+01
6.56706706706707e+02 -2.54630171464210e+01 -8.93745198741349e+01
6.57657657657658e+02 -2.54755844569846e+01 -8.93754242409674e+01
6.58608608608609e+02 -2.54881336124626e+01 -8.93763259964519e+01
6.59559559559560e+02 -2.55006646652285e+01 -8.93772251518823e+01
6.60510510510510e+02 -2.55131776674298e+01 -8.93781217184870e+01
6.61461461461461e+02 -2.55256726709890e+01 -8.93790157074304e+01
6.62412412412412e+02 -2.55381497276047e+01 -8.93799071298123e+01
6.63363363363363e+02 -2.55506088887535e+01 -8.93807959966691e+01
6.64314314314314e+02 -2.55630502056903e+01 -8.93816823189740e+01
6.65265265265265e+02 -2.55754737294507e+01 -8.93825661076375e+01
6.66216216216216e+02 -2.55878795108513e+01 -8.93834473735077e+01
6.67167167167167e+02 -2.56002676004915e+01 -8.93843261273710e+01
6.68118118118118e+02 -2.56126380487546e+01 -8.93852023799522e+01
6.69069069069069e+02 -2.56249909058089e+01 -8.93860761419154e+01
6.70020020020020e+02 -2.56373262216090e+01 -8.93869474238640e+01
6.70970970970971e+02 -2.56496440458972e+01 -8.93878162363413e+01
6.71921921921922e+02 -2.56619444282044e+01 -8.93886825898309e+01
6.72872872872873e+02 -2.56742274178516e+01 -8.93895464947573e+01
6.73823823823824e+02 -2.56864930639506e+01 -8.93904079614860e+01
6.74774774774775e+02 -2.56987414154057e+01 -8.93912670003241e+01
6.75725725725726e+02 -2.57109725209148e+01 -8.93921236215208e+01
6.76676676676677e+02 -2.57231864289702e+01 -8.93929778352675e+01
6.77627627627628e+02 -2.57353831878600e+01 -8.93938296516986e+01
6.78578578578579e+02 -2.57475628456693e+01 -8.93946790808916e+01
6.79529529529530e+02 -2.57597254502813e+01 -8.93955261328676e+01
6.80480480480480e+02 -2.57718710493784e+01 -8.93963708175918e+01
6.81431431431431e+02 -2.57839996904431e+01 -8.93972131449735e+01
6.82382382382382e+02 -2.57961114207595e+01 -8.93980531248671e+01
6.83333333333333e+02 -2.58082062874143e+01 -8.93988907670719e+01
6.84284284284284e+02 -2.58202843372976e+01 -8.93997260813329e+01
6.85235235235235e+02 -2.58323456171044e+01 -8.94005590773410e+01
6.86186186186186e+02 -2.58443901733355e+01 -8.94013897647333e+01
6.87137137137137e+02 -2.58564180522985e+01 -8.94022181530936e+01
6.88088088088088e+02 -2.58684293001089e+01 -8.94030442519528e+01
6.89039039039039e+02 -2.58804239626914e+01 -8.94038680707890e+01
6.89989989989990e+02 -2.58924020857805e+01 -8.94046896190282e+01
6.90940940940941e+02 -2.59043637149221e+01 -8.94055089060445e+01
6.91891891891892e+02 -2.59163088954740e+01 -8.94063259411606e+01
6.92842842842843e+02 -2.59282376726073e+01 -8.94071407336477e+01
6.93793793793794e+02 -2.59401500913072e+01 -8.94079532927265e+01
6.94744744744745e+02 -2.59520461963742e+01 -8.94087636275670e+01
6.95695695695696e+02 -2.59639260324249e+01 -8.94095717472892e+01
6.96646646646647e+02 -2.59757896438935e+01 -8.94103776609633e+01
6.97597597597598e+02 -2.59876370750319e+01 -8.94111813776100e+01
6.98548548548549e+02 -2.59994683699116e+01 -8.94119829062009e+01
6.99499499499500e+02 -2.60112835724242e+01 -8.94127822556587e+01
7.00450450450450e+02 -2.60230827262824e+01 -8.94135794348580e+01
7.01401401401401e+02 -2.60348658750211e+01 -8.94143744526249e+01
7.02352352352352e+02 -2.60466330619984e+01 -8.94151673177379e+01
7.03303303303303e+02 -2.60583843303963e+01 -8.94159580389279e+01
7.04254254254254e+02 -2.60701197232219e+01 -8.94167466248790e+01
7.05205205205205e+02 -2.60818392833083e+01 -8.94175330842279e+01
7.06156156156156e+02 -2.60935430533155e+01 -8.94183174255653e+01
7.07107107107107e+02 -2.61052310757313e+01 -8.94190996574353e+01
7.08058058058058e+02 -2.61169033928721e+01 -8.94198797883365e+01
7.09009009009009e+02 -2.61285600468844e+01 -8.94206578267215e+01
7.09959959959960e+02 -2.61402010797448e+01 -8.94214337809979e+01
7.10910910910911e+02 -2.61518265332617e+01 -8.94222076595283e+01
7.11861861861862e+02 -2.61634364490758e+01 -8.94229794706305e+01
7.12812812812813e+02 -2.61750308686611e+01 -8.94237492225779e+01
7.13763763763764e+02 -2.61866098333258e+01 -8.94245169236000e+01
7.14714714714715e+02 -2.61981733842131e+01 -8.94252825818823e+01
7.15665665665666e+02 -2.62097215623023e+01 -8.94260462055671e+01
7.16616616616617e+02 -2.62212544084092e+01 -8.94268078027530e+01
7.17567567567568e+02 -2.62327719631876e+01 -8.94275673814962e+01
7.18518518518518e+02 -2.62442742671296e+01 -8.94283249498099e+01
7.19469469469469e+02 -2.62557613605669e+01 -8.94290805156651e+01
7.20420420420420e+02 -2.62672332836713e+01 -8.94298340869906e+01
7.21371371371371e+02 -2.62786900764556e+01 -8.94305856716736e+01
7.22322322322322e+02 -2.62901317787747e+01 -8.94313352775596e+01
7.23273273273273e+02 -2.63015584303263e+01 -8.94320829124528e+01
7.24224224224224e+02 -2.63129700706513e+01 -8.94328285841165e+01
7.25175175175175e+02 -2.63243667391353e+01 -8.94335723002735e+01
7.26126126126126e+02 -2.63357484750092e+01 -8.94343140686057e+01
7.27077077077077e+02 -2.63471153173496e+01 -8.94350538967551e+01
7.28028028028028e+02 -2.63584673050802e+01 -8.94357917923239e+01
7.28978978978979e+02 -2.63698044769721e+01 -8.94365277628742e+01
7.29929929929930e+02 -2.63811268716450e+01 -8.94372618159292e+01
7.30880880880881e+02 -2.63924345275678e+01 -8.94379939589726e+01
7.31831831831832e+02 -2.64037274830592e+01 -8.94387241994494e+01
7.32782782782783e+02 -2.64150057762890e+01 -8.94394525447657e+01
7.33733733733734e+02 -2.64262694452781e+01 -8.94401790022896e+01
7.34684684684685e+02 -2.64375185279001e+01 -8.94409035793508e+01
7.35635635635636e+02 -2.64487530618816e+01 -8.94416262832410e+01
7.36586586586587e+02 -2.64599730848028e+01 -8.94423471212147e+01
7.37537537537538e+02 -2.64711786340988e+01 -8.94430661004884e+01
7.38488488488488e+02 -2.64823697470599e+01 -8.94437832282418e+01
7.39439439439439e+02 -2.64935464608324e+01 -8.94444985116177e+01
7.40390390390390e+02 -2.65047088124195e+01 -8.94452119577221e+01
7.41341341341341e+02 -2.65158568386821e+01 -8.94459235736244e+01
7.42292292292292e+02 -2.65269905763391e+01 -8.94466333663581e+01
7.43243243243243e+02 -2.65381100619687e+01 -8.94473413429204e+01
7.44194194194194e+02 -2.65492153320086e+01 -8.94480475102730e+01
7.45145145145145e+02 -2.65603064227571e+01 -8.94487518753418e+01
7.46096096096096e+02 -2.65713833703735e+01 -8.94494544450177e+01
7.47047047047047e+02 -2.65824462108792e+01 -8.94501552261562e+01
7.47997997997998e+02 -2.65934949801581e+01 -8.94508542255781e+01
7.48948948948949e+02 -2.66045297139572e+01 -8.94515514500697e+01
7.49899899899900e+02 -2.66155504478876e+01 -8.94522469063827e+01
7.50850850850851e+02 -2.66265572174251e+01 -8.94529406012345e+01
7.51801801801802e+02 -2.66375500579107e+01 -8.94536325413088e+01
7.52752752752753e+02 -2.66485290045516e+01 -8.94543227332553e+01
7.53703703703704e+02 -2.66594940924215e+01 -8.94550111836903e+01
7.54654654654655e+02 -2.66704453564615e+01 -8.94556978991966e+01
7.55605605605606e+02 -2.66813828314810e+01 -8.94563828863241e+01
7.56556556556557e+02 -2.66923065521576e+01 -8.94570661515894e+01
7.57507507507508e+02 -2.67032165530388e+01 -8.94577477014768e+01
7.58458458458458e+02 -2.67141128685417e+01 -8.94584275424377e+01
7.59409409409409e+02 -2.67249955329543e+01 -8.94591056808916e+01
7.60360360360360e+02 -2.67358645804358e+01 -8.94597821232255e+01
7.61311311311311e+02 -2.67467200450173e+01 -8.94604568757947e+01
7.62262262262262e+02 -2.67575619606028e+01 -8.94611299449228e+01
7.63213213213213e+02 -2.67683903609691e+01 -8.94618013369017e+01
7.64164164164164e+02 -2.67792052797672e+01 -8.94624710579923e+01
7.65115115115115e+02 -2.67900067505225e+01 -8.94631391144240e+01
7.66066066066066e+02 -2.68007948066353e+01 -8.94638055123957e+01
7.67017017017017e+02 -2.68115694813818e+01 -8.94644702580751e+01
7.67967967967968e+02 -2.68223308079147e+01 -8.94651333575997e+01
7.68918918918919e+02 -2.68330788192635e+01 -8.94657948170766e+01
7.69869869869870e+02 -2.68438135483351e+01 -8.94664546425825e+01
7.70820820820821e+02 -2.68545350279148e+01 -8.94671128401643e+01
7.71771771771772e+02 -2.68652432906667e+01 -8.94677694158391e+01
7.72722722722723e+02 -2.68759383691341e+01 -8.94684243755945e+01
7.73673673673674e+02 -2.68866202957404e+01 -8.94690777253882e+01
7.74624624624625e+02 -2.68972891027894e+01 -8.94697294711493e+01
7.75575575575576e+02 -2.69079448224662e+01 -8.94703796187773e+01
7.76526526526526e+02 -2.69185874868374e+01 -8.94710281741430e+01
7.77477477477477e+02 -2.69292171278523e+01 -8.94716751430886e+01
7.78428428428428e+02 -2.69398337773426e+01 -8.94723205314275e+01
7.79379379379379e+02 -2.69504374670237e+01 -8.94729643449450e+01
7.80330330330330e+02 -2.69610282284950e+01 -8.94736065893979e+01
7.81281281281281e+02 -2.69716060932404e+01 -8.94742472705152e+01
7.82232232232232e+02 -2.69821710926291e+01 -8.94748863939981e+01
7.83183183183183e+02 -2.69927232579158e+01 -8.94755239655198e+01
7.84134134134134e+02 -2.70032626202415e+01 -8.94761599907263e+01
7.85085085085085e+02 -2.70137892106341e+01 -8.94767944752362e+01
7.86036036036036e+02 -2.70243030600089e+01 -8.94774274246407e+01
7.86986986986987e+02 -2.70348041991687e+01 -8.94780588445042e+01
7.87937937937938e+02 -2.70452926588053e+01 -8.94786887403641e+01
7.88888888888889e+02 -2.70557684694991e+01 -8.94793171177312e+01
7.89839839839840e+02 -2.70662316617201e+01 -8.94799439820898e+01
7.90790790790791e+02 -2.70766822658284e+01 -8.94805693388976e+01
7.91741741741742e+02 -2.70871203120745e+01 -8.94811931935863e+01
7.92692692692693e+02 -2.70975458306002e+01 -8.94818155515615e+01
7.93643643643644e+02 -2.71079588514389e+01 -8.94824364182029e+01
7.94594594594595e+02 -2.71183594045159e+01 -8.94830557988643e+01
7.95545545545546e+02 -2.71287475196495e+01 -8.94836736988740e+01
7.96496496496497e+02 -2.71391232265509e+01 -8.94842901235351e+01
7.97447447447447e+02 -2.71494865548250e+01 -8.94849050781249e+01
7.98398398398398e+02 -2.71598375339711e+01 -8.94855185678961e+01
7.99349349349349e+02 -2.71701761933829e+01 -8.94861305980759e+01
8.00300300300300e+02 -2.71805025623494e+01 -8.94867411738671e+01
8.01251251251251e+02 -2.71908166700554e+01 -8.94873503004476e+01
8.02202202202202e+02 -2.72011185455817e+01 -8.94879579829706e+01
8.03153153153153e+02 -2.72114082179059e+01 -8.94885642265652e+01
8.04104104104104e+02 -2.72216857159027e+01 -8.94891690363361e+01
8.05055055055055e+02 -2.72319510683443e+01 -8.94897724173638e+01
8.06006006006006e+02 -2.72422043039014e+01 -8.94903743747049e+01
8.06956956956957e+02 -2.72524454511430e+01 -8.94909749133922e+01
8.07907907907908e+02 -2.72626745385372e+01 -8.94915740384349e+01
8.08858858858859e+02 -2.72728915944517e+01 -8.94921717548183e+01
8.09809809809810e+02 -2.72830966471545e+01 -8.94927680675047e+01
8.10760760760761e+02 -2.72932897248136e+01 -8.94933629814329e+01
8.11711711711712e+02 -2.73034708554984e+01 -8.94939565015185e+01
8.12662662662663e+02 -2.73136400671794e+01 -8.94945486326543e+01
8.13613613613614e+02 -2.73237973877294e+01 -8.94951393797100e+01
8.14564564564565e+02 -2.73339428449231e+01 -8.94957287475327e+01
8.15515515515516e+02 -2.73440764664383e+01 -8.94963167409470e+01
8.16466466466466e+02 -2.73541982798560e+01 -8.94969033647547e+01
8.17417417417417e+02 -2.73643083126608e+01 -8.94974886237355e+01
8.18368368368368e+02 -2.73744065922416e+01 -8.94980725226470e+01
8.19319319319319e+02 -2.73844931458919e+01 -8.94986550662243e+01
8.20270270270270e+02 -2.73945680008101e+01 -8.94992362591810e+01
8.21221221221221e+02 -2.74046311841001e+01 -8.94998161062086e+01
8.22172172172172e+02 -2.74146827227720e+01 -8.95003946119769e+01
8.23123123123123e+02 -2.74247226437418e+01 -8.95009717811343e+01
8.24074074074074e+02 -2.74347509738328e+01 -8.95015476183075e+01
8.25025025025025e+02 -2.74447677397751e+01 -8.95021221281021e+01
8.25975975975976e+02 -2.74547729682067e+01 -8.95026953151023e+01
8.26926926926927e+02 -2.74647666856735e+01 -8.95032671838715e+01
8.27877877877878e+02 -2.74747489186300e+01 -8.95038377389517e+01
8.28828828828829e+02 -2.74847196934395e+01 -8.95044069848644e+01
8.29779779779780e+02 -2.74946790363749e+01 -8.95049749261103e+01
8.30730730730731e+02 -2.75046269736186e+01 -8.95055415671695e+01
8.31681681681682e+02 -2.75145635312632e+01 -8.95061069125015e+01
8.32632632632633e+02 -2.75244887353118e+01 -8.95066709665455e+01
8.33583583583584e+02 -2.75344026116788e+01 -8.95072337337205e+01
8.34534534534534e+02 -2.75443051861895e+01 -8.95077952184254e+01
8.35485485485485e+02 -2.75541964845815e+01 -8.95083554250388e+01
8.36436436436436e+02 -2.75640765325041e+01 -8.95089143579197e+01
8.37387387387387e+02 -2.75739453555196e+01 -8.95094720214072e+01
8.38338338338338e+02 -2.75838029791031e+01 -8.95100284198206e+01
8.39289289289289e+02 -2.75936494286430e+01 -8.95105835574599e+01
8.40240240240240e+02 -2.76034847294416e+01 -8.95111374386052e+01
8.41191191191191e+02 -2.76133089067153e+01 -8.95116900675177e+01
8.42142142142142e+02 -2.76231219855951e+01 -8.95122414484390e+01
8.43093093093093e+02 -2.76329239911270e+01 -8.95127915855919e+01
8.44044044044044e+02 -2.76427149482720e+01 -8.95133404831799e+01
8.44994994994995e+02 -2.76524948819073e+01 -8.95138881453877e+01
8.45945945945946e+02 -2.76622638168256e+01 -8.95144345763811e+01
8.46896896896897e+02 -2.76720217777367e+01 -8.95149797803073e+01
8.47847847847848e+02 -2.76817687892666e+01 -8.95155237612948e+01
8.48798798798799e+02 -2.76915048759589e+01 -8.95160665234537e+01
8.49749749749750e+02 -2.77012300622747e+01 -8.95166080708757e+01
8.50700700700701e+02 -2.77109443725931e+01 -8.95171484076341e+01
8.51651651651652e+02 -2.77206478312112e+01 -8.95176875377840e+01
8.52602602602603e+02 -2.77303404623452e+01 -8.95182254653625e+01
8.53553553553554e+02 -2.77400222901300e+01 -8.95187621943887e+01
8.54504504504505e+02 -2.77496933386201e+01 -8.95192977288639e+01
8.55455455455455e+02 -2.77593536317897e+01 -8.95198320727714e+01
8.56406406406406e+02 -2.77690031935330e+01 -8.95203652300769e+01
8.57357357357357e+02 -2.77786420476649e+01 -8.95208972047286e+01
8.58308308308308e+02 -2.77882702179209e+01 -8.95214280006570e+01
8.59259259259259e+02 -2.77978877279578e+01 -8.95219576217755e+01
8.60210210210210e+02 -2.78074946013539e+01 -8.95224860719799e+01
8.61161161161161e+02 -2.78170908616092e+01 -8.95230133551489e+01
8.62112112112112e+02 -2.78266765321462e+01 -8.95235394751442e+01
8.63063063063063e+02 -2.78362516363098e+01 -8.95240644358104e+01
8.64014014014014e+02 -2.78458161973677e+01 -8.95245882409750e+01
8.64964964964965e+02 -2.78553702385110e+01 -8.95251108944491e+01
8.65915915915916e+02 -2.78649137828542e+01 -8.95256324000265e+01
8.66866866866867e+02 -2.78744468534360e+01 -8.95261527614849e+01
8.67817817817818e+02 -2.78839694732190e+01 -8.95266719825850e+01
8.68768768768769e+02 -2.78934816650905e+01 -8.95271900670714e+01
8.69719719719720e+02 -2.79029834518629e+01 -8.95277070186720e+01
8.70670670670671e+02 -2.79124748562734e+01 -8.95282228410986e+01
8.71621621621622e+02 -2.79219559009852e+01 -8.95287375380468e+01
8.72572572572573e+02 -2.79314266085872e+01 -8.95292511131961e+01
8.73523523523524e+02 -2.79408870015943e+01 -8.95297635702099e+01
8.74474474474475e+02 -2.79503371024483e+01 -8.95302749127357e+01
8.75425425425425e+02 -2.79597769335176e+01 -8.95307851444051e+01
8.76376376376376e+02 -2.79692065170978e+01 -8.95312942688341e+01
8.77327327327327e+02 -2.79786258754120e+01 -8.95318022896229e+01
8.78278278278278e+02 -2.79880350306111e+01 -8.95323092103561e+01
8.79229229229229e+02 -2.79974340047741e+01 -8.95328150346028e+01
8.80180180180180e+02 -2.80068228199084e+01 -8.95333197659168e+01
8.81131131131131e+02 -2.80162014979501e+01 -8.95338234078363e+01
8.82082082082082e+02 -2.80255700607645e+01 -8.95343259638845e+01
8.83033033033033e+02 -2.80349285301460e+01 -8.95348274375694e+01
8.83983983983984e+02 -2.80442769278187e+01 -8.95353278323837e+01
8.84934934934935e+02 -2.80536152754367e+01 -8.95358271518053e+01
8.85885885885886e+02 -2.80629435945845e+01 -8.95363253992970e+01
8.86836836836837e+02 -2.80722619067767e+01 -8.95368225783070e+01
8.87787787787788e+02 -2.80815702334593e+01 -8.95373186922684e+01
8.88738738738739e+02 -2.80908685960089e+01 -8.95378137445999e+01
8.89689689689690e+02 -2.81001570157340e+01 -8.95383077387054e+01
8.90640640640641e+02 -2.81094355138745e+01 -8.95388006779743e+01
8.91591591591592e+02 -2.81187041116024e+01 -8.95392925657816e+01
8.92542542542542e+02 -2.81279628300221e+01 -8.95397834054879e+01
8.93493493493493e+02 -2.81372116901706e+01 -8.95402732004394e+01
8.94444444444444e+02 -2.81464507130175e+01 -8.95407619539682e+01
8.95395395395395e+02 -2.81556799194660e+01 -8.95412496693922e+01
8.96346346346346e+02 -2.81648993303524e+01 -8.95417363500152e+01
8.97297297297297e+02 -2.81741089664469e+01 -8.95422219991271e+01
8.98248248248248e+02 -2.81833088484537e+01 -8.95427066200036e+01
8.99199199199199e+02 -2.81924989970112e+01 -8.95431902159068e+01
9.00150150150150e+02 -2.82016794326925e+01 -8.95436727900849e+01
9.01101101101101e+02 -2.82108501760054e+01 -8.95441543457726e+01
9.02052052052052e+02 -2.82200112473931e+01 -8.95446348861906e+01
9.03003003003003e+02 -2.82291626672337e+01 -8.95451144145463e+01
9.03953953953954e+02 -2.82383044558415e+01 -8.95455929340335e+01
9.04904904904905e+02 -2.82474366334664e+01 -8.95460704478326e+01
9.05855855855856e+02 -2.82565592202947e+01 -8.95465469591108e+01
9.06806806806807e+02 -2.82656722364489e+01 -8.95470224710216e+01
9.07757757757758e+02 -2.82747757019886e+01 -8.95474969867058e+01
9.08708708708709e+02 -2.82838696369102e+01 -8.95479705092906e+01
9.09659659659660e+02 -2.82929540611473e+01 -8.95484430418905e+01
9.10610610610611e+02 -2.83020289945712e+01 -8.95489145876067e+01
9.11561561561562e+02 -2.83110944569909e+01 -8.95493851495277e+01
9.12512512512513e+02 -2.83201504681535e+01 -8.95498547307289e+01
9.13463463463463e+02 -2.83291970477443e+01 -8.95503233342730e+01
9.14414414414414e+02 -2.83382342153873e+01 -8.95507909632101e+01
9.15365365365365e+02 -2.83472619906452e+01 -8.95512576205774e+01
9.16316316316316e+02 -2.83562803930199e+01 -8.95517233093995e+01
9.17267267267267e+02 -2.83652894419525e+01 -8.95521880326887e+01
9.18218218218218e+02 -2.83742891568238e+01 -8.95526517934446e+01
9.19169169169169e+02 -2.83832795569544e+01 -8.95531145946545e+01
9.20120120120120e+02 -2.83922606616049e+01 -8.95535764392931e+01
9.21071071071071e+02 -2.84012324899762e+01 -8.95540373303233e+01
9.22022022022022e+02 -2.84101950612100e+01 -8.95544972706953e+01
9.22972972972973e+02 -2.84191483943885e+01 -8.95549562633474e+01
9.23923923923924e+02 -2.84280925085352e+01 -8.95554143112058e+01
9.24874874874875e+02 -2.84370274226149e+01 -8.95558714171846e+01
9.25825825825826e+02 -2.84459531555338e+01 -8.95563275841858e+01
9.26776776776777e+02 -2.84548697261399e+01 -8.95567828150998e+01
9.27727727727728e+02 -2.84637771532233e+01 -8.95572371128048e+01
9.28678678678679e+02 -2.84726754555164e+01 -8.95576904801676e+01
9.29629629629630e+02 -2.84815646516939e+01 -8.95581429200429e+01
9.30580580580581e+02 -2.84904447603735e+01 -8.95585944352740e+01
9.31531531531532e+02 -2.84993158001157e+01 -8.95590450286924e+01
9.32482482482483e+02 -2.85081777894242e+01 -8.95594947031182e+01
9.33433433433433e+02 -2.85170307467461e+01 -8.95599434613599e+01
9.34384384384384e+02 -2.85258746904723e+01 -8.95603913062146e+01
9.35335335335335e+02 -2.85347096389375e+01 -8.95608382404680e+01
9.36286286286286e+02 -2.85435356104205e+01 -8.95612842668946e+01
9.37237237237237e+02 -2.85523526231445e+01 -8.95617293882576e+01
9.38188188188188e+02 -2.85611606952771e+01 -8.95621736073089e+01
9.39139139139139e+02 -2.85699598449310e+01 -8.95626169267892e+01
9.40090090090090e+02 -2.85787500901637e+01 -8.95630593494285e+01
9.41041041041041e+02 -2.85875314489779e+01 -8.95635008779452e+01
9.41991991991992e+02 -2.85963039393220e+01 -8.95639415150471e+01
9.42942942942943e+02 -2.86050675790899e+01 -8.95643812634311e+01
9.43893893893894e+02 -2.86138223861213e+01 -8.95648201257831e+01
9.44844844844845e+02 -2.86225683782022e+01 -8.95652581047781e+01
9.45795795795796e+02 -2.86313055730650e+01 -8.95656952030805e+01
9.46746746746747e+02 -2.86400339883884e+01 -8.95661314233440e+01
9.47697697697698e+02 -2.86487536417981e+01 -8.95665667682116e+01
9.48648648648649e+02 -2.86574645508666e+01 -8.95670012403156e+01
9.49599599599600e+02 -2.86661667331137e+01 -8.95674348422780e+01
9.50550550550550e+02 -2.86748602060066e+01 -8.95678675767101e+01
9.51501501501501e+02 -2.86835449869600e+01 -8.95682994462128e+01
9.52452452452452e+02 -2.86922210933366e+01 -8.95687304533767e+01
9.53403403403403e+02 -2.87008885424471e+01 -8.95691606007819e+01
9.54354354354354e+02 -2.87095473515502e+01 -8.95695898909985e+01
9.55305305305305e+02 -2.87181975378533e+01 -8.95700183265861e+01
9.56256256256256e+02 -2.87268391185124e+01 -8.95704459100941e+01
9.57207207207207e+02 -2.87354721106324e+01 -8.95708726440621e+01
9.58158158158158e+02 -2.87440965312669e+01 -8.95712985310193e+01
9.59109109109109e+02 -2.87527123974193e+01 -8.95717235734849e+01
9.60060060060060e+02 -2.87613197260421e+01 -8.95721477739683e+01
9.61011011011011e+02 -2.87699185340375e+01 -8.95725711349688e+01
9.61961961961962e+02 -2.87785088382577e+01 -8.95729936589758e+01
9.62912912912913e+02 -2.87870906555049e+01 -8.95734153484692e+01
9.63863863863864e+02 -2.87956640025314e+01 -8.95738362059186e+01
9.64814814814815e+02 -2.88042288960401e+01 -8.95742562337842e+01
9.65765765765766e+02 -2.88127853526846e+01 -8.95746754345164e+01
9.66716716716717e+02 -2.88213333890692e+01 -8.95750938105561e+01
9.67667667667668e+02 -2.88298730217493e+01 -8.95755113643344e+01
9.68618618618619e+02 -2.88384042672315e+01 -8.95759280982730e+01
9.69569569569570e+02 -2.88469271419739e+01 -8.95763440147840e+01
9.70520520520521e+02 -2.88554416623860e+01 -8.95767591162701e+01
9.71471471471471e+02 -2.88639478448294e+01 -8.95771734051247e+01
9.72422422422422e+02 -2.88724457056174e+01 -8.95775868837316e+01
9.73373373373373e+02 -2.88809352610156e+01 -8.95779995544654e+01
9.74324324324324e+02 -2.88894165272420e+01 -8.95784114196916e+01
9.75275275275275e+02 -2.88978895204671e+01 -8.95788224817662e+01
9.76226226226226e+02 -2.89063542568140e+01 -8.95792327430361e+01
9.77177177177177e+02 -2.89148107523590e+01 -8.95796422058392e+01
9.78128128128128e+02 -2.89232590231313e+01 -8.95800508725042e+01
9.79079079079079e+02 -2.89316990851134e+01 -8.95804587453507e+01
9.80030030030030e+02 -2.89401309542413e+01 -8.95808658266894e+01
9.80980980980981e+02 -2.89485546464046e+01 -8.95812721188221e+01
9.81931931931932e+02 -2.89569701774467e+01 -8.95816776240414e+01
9.82882882882883e+02 -2.89653775631651e+01 -8.95820823446313e+01
9.83833833833834e+02 -2.89737768193114e+01 -8.95824862828670e+01
9.84784784784785e+02 -2.89821679615916e+01 -8.95828894410146e+01
9.85735735735736e+02 -2.89905510056662e+01 -8.95832918213318e+01
9.86686686686687e+02 -2.89989259671503e+01 -8.95836934260674e+01
9.87637637637638e+02 -2.90072928616142e+01 -8.95840942574617e+01
9.88588588588589e+02 -2.90156517045829e+01 -8.95844943177460e+01
9.89539539539540e+02 -2.90240025115369e+01 -8.95848936091436e+01
9.90490490490491e+02 -2.90323452979118e+01 -8.95852921338688e+01
9.91441441441441e+02 -2.90406800790990e+01 -8.95856898941275e+01
9.92392392392392e+02 -2.90490068704457e+01 -8.95860868921174e+01
9.93343343343343e+02 -2.90573256872548e+01 -8.95864831300275e+01
9.94294294294294e+02 -2.90656365447854e+01 -8.95868786100385e+01
9.95245245245245e+02 -2.90739394582528e+01 -8.95872733343227e+01
9.96196196196196e+02 -2.90822344428288e+01 -8.95876673050444e+01
9.97147147147147e+02 -2.90905215136416e+01 -8.95880605243592e+01
9.98098098098098e+02 -2.90988006857764e+01 -8.95884529944150e+01
9.99049049049049e+02 -2.91070719742751e+01 -8.95888447173510e+01
1.00000000000000e+03 -2.91153353941368e+01 -8.95892356952986e+01
